easy:
050810009
802007105
060300700
000070203
010506080
307090000
005003010
108700506
600025070

501090428
402003100
090001603
000010980
020507060
085060000
906100030
003600709
247030506

301400089
400003150
020100400
060000834
703000502
518000090
005001020
034800005
980005601

006000390
409083006
030560000
040005009
017000630
600300080
000028050
300950104
091000800

070005040
400298500
120400800
350002900
700604001
006300054
001007098
002931005
090800030

000400306
000713004
543900100
390000600
078605920
006000037
001009782
700362000
905001000

037005200
400106390
680300007
050007000
800010003
000200080
300001072
068702005
002900140

500400000
900015080
276890000
600080040
003000900
090020006
000071238
060530009
000009001

502708390
801096570
000500000
030480021
020000050
410067080
000001000
087650109
053904807

000500060
608003754
005810209
491320000
007000300
000057942
903081600
564900807
080005000

medium:
004091020
306000901
090070000
000980765
000706000
867015000
000020010
205000406
040160200

009800240
004900001
010060000
000710002
093602470
700083000
000040020
900005100
052008700

039206000
600005420
040870000
051000700
400000001
002000860
000084090
086700004
000609170

000097000
500810030
080500401
000400079
017000260
860001000
201009050
070045003
000730000

008700020
600309005
500200789
000030947
003000100
749010000
351007004
400103008
080006500

006800070
100030405
507240000
905080031
000000000
260070804
000064309
304020006
020003100

004013956
600050740
080400003
000000580
800102009
027000000
700001060
061080007
432760800

200300105
000012803
801900700
000000581
098000670
615000000
007006908
509420000
103009006

200367000
500000601
400090000
090500047
008709200
760003010
000030002
803000006
000271008

802900005
700038620
000570000
640000300
005306800
007000056
000097000
026850004
500003208

hard:
071059004
200000000
040700600
000510940
068000150
059084000
002005010
000000003
300490520

340009000
090562300
000430008
002080009
006905100
900020600
700048000
001753090
000200057

000630095
403097260
690020000
060450070
948070506
070086020
000010043
724360901
130040002

500000002
000930106
010800300
430010025
021305760
750080013
004007030
105093000
300000001

000006078
400070250
028100000
240580300
000603000
003042065
000001580
081050006
650800000

004020090
600100400
080730000
500060081
020509040
340080009
000056070
008002005
060040100

540070060
900000003
000038700
832600010
006000200
050003896
008350000
400000005
010060082

104890300
500000008
030170000
060000720
000602000
018000030
000089050
400000003
009064201

005010070
900050001
060800900
000200096
000176000
630005000
007008050
500040002
080060300

000829000
000000000
631000000
516000000
000000000
000000328
000000183
000000000
000294000

very-hard:
000000800
400208051
083900007
040500082
005000400
870009030
200007160
360105004
004000000

000900102
400106000
080020005
630000500
004507900
005000031
900060010
000809007
706002000

206001080
170009060
000467000
610040800
002000300
005070096
000215000
030600028
020700605

000705008
000020590
040300020
003960072
006201900
290037800
010003050
067010000
300809000

001002490
090401620
060090108
800015940
009806500
025930006
902050061
013008000
050100300

038000000
600007300
720060410
360070190
000506000
087010062
013040027
004900001
000000840

603201007
908500000
020080000
030760190
007809600
096043070
000070060
000008703
300406801

219800400
060004300
000060008
300040701
000509000
602070009
700080000
003400060
006002813

060005700
500007096
030090800
400320005
003000900
700061004
004050060
970600008
006100020

000650000
009400000
038000000
460000000
500000009
000000038
000000420
000003900
000081000

multi-solution:
380976045
794580036
650430789
418293567
265714893
973658412
549867321
836125974
127349658

009067108
600000003
100000002
900000030
042000010
500140000
730890060
000000005
020400007

hell:
005300000
800000020
070010500
400005300
010070006
003200080
060500009
004000030
000009700

000009700
004000030
060500009
003200080
010070006
400005300
070010500
800000020
005300000

800000000
003600000
070090200
050007000
000045700
000100030
001000068
008500010
090000400

100007090
030020008
009600500
005300900
010080002
600004000
300000010
040000007
007000300

046005700
000900000
090001006
000000900
030000000
400520008
080000070
570300082
200000300

wrong:
132795608
678124593
040386721
453968172
786201930
291037800
810603250
067012380
320809010